2 2 0
1.90001 1.99875 0.025
1.80008 1.995 0.05
1.70028 1.98876 0.075
1.60067 1.98002 0.1
1.61336 1.98207 0.125
1.71241 1.99578 0.15
1.81109 2.01195 0.175
1.90934 2.03059 0.2
2.00709 2.05168 0.225
2.10428 2.07521 0.25
2.20085 2.10116 0.275
2.29674 2.12951 0.3
2.3919 2.16026 0.325
2.48625 2.19337 0.35
2.57975 2.22883 0.375
2.67233 2.26662 0.4
2.76394 2.3067 0.425
2.85452 2.34907 0.45
2.94401 2.39369 0.475
3.03236 2.44053 0.5
3.11951 2.48956 0.525
3.20541 2.54076 0.55
3.29 2.59409 0.575
3.37323 2.64952 0.6
3.45505 2.70701 0.625
3.53541 2.76652 0.65
3.61425 2.82803 0.675
3.69153 2.89149 0.7
3.7672 2.95686 0.725
3.84122 3.0241 0.75
3.91352 3.09318 0.775
3.98408 3.16403 0.8
4.05285 3.23663 0.825
4.11978 3.31093 0.85
4.18483 3.38687 0.875
4.24797 3.46442 0.9
4.30914 3.54352 0.925
4.36832 3.62413 0.95
4.42547 3.70619 0.975
4.48054 3.78965 1
4.53352 3.87446 1.025
4.58435 3.96058 1.05
4.63302 4.04793 1.075
4.67949 4.13648 1.1
4.72373 4.22615 1.125
4.76572 4.31691 1.15
4.80542 4.40869 1.175
4.84282 4.50143 1.2
4.87788 4.59508 1.225
4.9106 4.68957 1.25
4.94094 4.78485 1.275
4.96889 4.88086 1.3
4.99444 4.97754 1.325
5.01899 5.07448 1.31157
5.04583 5.17081 1.28657
5.07507 5.26644 1.26157
5.10669 5.3613 1.23657
5.14067 5.45535 1.21157
5.17699 5.54852 1.18657
5.21563 5.64075 1.16157
5.25656 5.73198 1.13657
5.29976 5.82217 1.11157
5.3452 5.91125 1.08657
5.39286 5.99916 1.06157
5.44269 6.08585 1.03657
5.49468 6.17127 1.01157
5.54879 6.25537 0.986567
5.60498 6.33808 0.961567
5.66322 6.41937 0.936567
5.72348 6.49917 0.911567
5.78571 6.57744 0.886567
5.84988 6.65414 0.861567
5.91595 6.7292 0.836567
5.98387 6.80259 0.811567
6.05361 6.87426 0.786567
6.12511 6.94416 0.761567
6.19834 7.01226 0.736567
6.27325 7.0785 0.711567
6.3498 7.14285 0.686567
6.42792 7.20526 0.661567
6.50759 7.2657 0.636567
6.58873 7.32414 0.611567
6.67132 7.38052 0.586567
6.75529 7.43483 0.561567
6.84059 7.48701 0.536567
6.92716 7.53705 0.511567
7.01496 7.58491 0.486567
7.10393 7.63056 0.461567
7.19402 7.67397 0.436567
7.28516 7.71512 0.411567
7.3773 7.75397 0.386567
7.47038 7.79051 0.361567
7.56434 7.82472 0.336567
7.65914 7.85656 0.311567
7.7547 7.88602 0.286567
7.85096 7.91308 0.261567
7.94787 7.93773 0.236567
8.04537 7.95995 0.211567
8.14339 7.97973 0.186567
8.24188 7.99705 0.161567
8.34077 8.0119 0.136567
8.44 8.02427 0.111567
8.34584 8.01498 0.0865672
8.24611 8.00758 0.0615672
8.14624 8.00267 0.0365672
8.04627 8.00027 0.0115672
